11 = -23.547778, -46.635833
12 = -23.203416,-45.890627
13 = -23.960833,-46.333889
14 = -23.55052,-46.633309
15 = -23.497741,-47.457983
16 = -21.170401,-47.810324
17 = -20.800433,-49.365853
18 = -23.55052,-46.633309
19 = -22.905833,-47.060833
22 = -21.735556,-41.333019
21 = -22.9028,-43.2078
24 = -22.906847,-43.172896
27 = -20.3189,-40.3378
28 = -20.846705,-41.12022
31 = -19.916667,-43.933333
32 = -21.761044,-43.347797
33 = -18.85892,-41.943214
34 = -18.91953,-48.27742
35 = -18.512178,-44.555031
37 = -18.512178,-44.555031
38 = -16.729319,-43.867126
41 = -25.4297,-49.2719
42 = -24.949608,-53.422725
43 = -23.309641,-51.148806
44 = -23.450343,-51.863671
45 = -24.953015,-53.452892
46 = -26.22972,-52.671136
47 = -27.242339,-50.218856
48 = -27.597022,-48.549583
49 = -27.242339,-50.218856
51 = -30.034647,-51.217658
53 = -31.767898,-52.337498
54 = -29.179124,-51.149251
55 = -29.691483,-53.792261
61 = -15.688838,-47.817738
62 = -16.666667,-49.25
63 = -10.17528,-48.298247
64 = -17.789523,-50.920427
65 = -15.601411,-56.097892
66 = -12.681871,-56.921099
67 = -12.681871,-56.921099
68 = -9.023796,-70.811995
69 = -11.505734,-63.580611
71 = -12.970833,-38.51083
73 = -14.788033,-39.278418
74 = -9.418046,-40.501062
75 = -12.232754,-38.949572
77 = -14.861924,-40.844535
79 = -10.574093,-37.385658
81 = -8.057838,-34.882897
82 = -9.571306,-36.78195
83 = -7.239961,-36.78195
84 = -5.40258,-36.954107
85 = -3.71839,-38.5434
86 = -5.098041,-42.758734
87 = -9.377469,-40.535025
88 = -7.229036,-39.312446
89 = -6.776932,-43.022602
91 = -1.455833,-48.503889
92 = -3.079587,-60.067331
93 = -2.450629,-54.700923
94 = -5.381136,-49.133102
95 = 2.737597,-62.0751
96 = 2.04474,-50.787422
97 = -4.09449,-63.14461
98 = -2.53,-44.302778
99 = -5.522392,-47.495684